1.8,0.01,0.7,446.94974072669606,81.5028287841191,69.84836656005724,54.544887601155835,656.6936875711668,5.893982520818028,0.9999999999999999,0.06857052684073889,5.716941253979896
1.80000001,0.01,0.7,446.94974072669606,81.5028287841191,69.84836656005724,54.54489955573713,656.6936888033907,5.893983022101443,0.9999999999999999,0.06857052652824319,5.716941376513023
1.8,0.01000001,0.7,446.94974072669606,81.5028287841191,69.84836656005724,54.54482791619977,656.6936872981925,5.89398462937582,0.9999999999999999,0.06857052463781617,5.716937591005291
1.8,0.01,0.70000001,446.94974072669606,81.5028287841191,69.84836656005724,54.54489037041423,656.6936878773154,5.893982487241452,0.9999999999999999,0.06857052633119307,5.7169410861098395
1.8,0.01,0.7,446.94974073669607,81.5028287841191,69.84836656005724,54.54488771057673,656.6936875844992,5.893982523214257,0.9999999999999999,0.0685705268580306,5.716941249750507
1.8,0.01,0.7,446.94974072669606,81.5028287941191,69.84836656005724,54.544887576383985,656.6936875723192,5.893982524657527,0.9999999999999999,0.06857052682458768,5.716941254005457
1.8,0.01,0.7,446.94974072669606,81.5028287841191,69.84836657005724,54.54488755414377,656.6936875734974,5.893982519074809,0.9999999999999999,0.06857052691250676,5.716941243679238
1.0,3.0,0.4,438.89727357278724,83.98001537429556,74.54957604688117,142.02258996640037,656.0002671767,0.5157085934978706,0.15542823081264315,0.6353014282045555,0.9762273305132868
1.00000001,3.0,0.4,438.89727357278724,83.98001537429556,74.54957604688117,142.02258975502264,656.0002671710326,0.5157085934978706,0.15542823081264315,0.635301425884624,0.9762273230983507
1.0,2.99999999,0.4,438.89727357278724,83.98001537429556,74.54957604688117,142.02258964837017,656.0002671443564,0.5157085934978706,0.15542823081264315,0.6353014267431198,0.9762272908459532
1.0,3.0,0.40000001,438.89727357278724,83.98001537429556,74.54957604688117,142.0225901469417,656.0002672013671,0.5157085934978706,0.15542823081264315,0.6353014284783556,0.9762273602054623
1.0,3.0,0.4,438.89727358278725,83.98001537429556,74.54957604688117,142.0225900735407,656.0002671939751,0.5157085934978706,0.15542823081264315,0.6353014281465038,0.9762273513787634
1.0,3.0,0.4,438.89727357278724,83.98001538429556,74.54957604688117,142.02259001316392,656.0002671844455,0.5157085934978706,0.15542823081264315,0.6353014281582002,0.9762273401280298
1.0,3.0,0.4,438.89727357278724,83.98001537429556,74.54957605688116,142.02258996084794,656.0002671756063,0.5157085934978706,0.15542823081264315,0.6353014282052184,0.9762273286721288
1.5355634891897612,0.9983314591532679,0.6008363084461604,444.2880328297039,82.32165200728433,71.40233085166189,138.22092183600716,651.9072051664855,0.5157085934979355,0.15542823081264323,0.144986309815754,0.8364801401139802
1.535563499189761,0.9983314591532679,0.6008363084461604,444.2880328297039,82.32165200728433,71.40233085166189,138.22091909787233,651.9072053062063,0.5157085934979354,0.15542823081264323,0.14498630941338764,0.8364803224064362
1.5355634891897612,0.998331469153268,0.6008363084461604,444.2880328297039,82.32165200728433,71.40233085166189,138.2209179245955,651.9072053666846,0.5157085934979354,0.15542823081264323,0.14498631153018474,0.8364804011404662
1.5355634891897612,0.9983314591532679,0.6008363184461605,444.2880328297039,82.32165200728433,71.40233085166189,138.22091849320458,651.9072053372624,0.5157085934979354,0.15542823081264323,0.14498630967706608,0.8364803620694238
1.5355634891897612,0.9983314591532679,0.6008363084461604,444.28803283970393,82.32165200728433,71.40233085166189,138.22091842889006,651.9072053408106,0.5157085934979354,0.15542823081264323,0.14498630967208215,0.8364803644869077
1.5355634891897612,0.9983314591532679,0.6008363084461604,444.2880328297039,82.32165201728432,71.40233085166189,138.22091948311655,651.907205287088,0.5157085934979353,0.15542823081264323,0.14498630970677426,0.8364802935756674
1.5355634891897612,0.9983314591532679,0.6008363084461604,444.2880328297039,82.32165200728433,71.40233086166188,138.22091999410165,651.9072052607197,0.5157085934979354,0.15542823081264323,0.14498630973142176,0.8364802614437511
1.7131451717858772,0.3346199204502844,0.6674294394197039,446.0754961625053,81.77177330379924,70.35876998802811,225.87103631925595,648.9831157906214,20.515708593497866,0.15542823081264315,0.06158597161316628,0.8478250408933925
1.7131451817858772,0.3346199204502844,0.6674294394197039,446.0754961625053,81.77177330379924,70.35876998802811,225.8710344991703,648.983115843997,20.515708593497866,0.15542823081264315,0.06158597249868713,0.8478250325420124
1.7131451717858772,0.3346199304502844,0.6674294394197039,446.0754961625053,81.77177330379924,70.35876998802811,225.87102178300333,648.9831162132169,20.515708593497866,0.15542823081264315,0.06158597208035974,0.847825044161692
1.7131451717858772,0.3346199204502844,0.667429449419704,446.0754961625053,81.77177330379924,70.35876998802811,225.87102543539405,648.9831161073777,20.515708593497866,0.15542823081264315,0.06158597133188061,0.8478250405320633
1.7131451717858772,0.3346199204502844,0.6674294394197039,446.0754961725053,81.77177330379924,70.35876998802811,225.8710387758443,648.9831157193689,20.515708593497866,0.15542823081264315,0.06158597165871982,0.8478250378086077
1.7131451717858772,0.3346199204502844,0.6674294394197039,446.0754961625053,81.77177331379923,70.35876998802811,225.8710382905996,648.9831157334089,20.515708593497866,0.15542823081264315,0.06158597162933644,0.8478250389404622
1.7131451717858772,0.3346199204502844,0.6674294394197039,446.0754961625053,81.77177330379924,70.35876999802811,225.87103811686433,648.9831157384349,20.515708593497866,0.15542823081264315,0.0615859716250177,0.8478250393409833
1.7776819439668956,0.09341373442372822,0.6916307289875857,446.72509646026396,81.57193627052412,69.97951888099512,147.05592294757514,652.1224537606915,20.515708545528028,0.3593859459695157,0.06355608643942469,1.1666127832396262
1.7776819539668955,0.09341373442372822,0.6916307289875857,446.72509646026396,81.57193627052412,69.97951888099512,147.05591362122152,652.1224543779629,20.515708545540498,0.3593859670809041,0.06355608758476225,1.1666127637643142
1.7776819439668956,0.09341374442372821,0.6916307289875857,446.72509646026396,81.57193627052412,69.97951888099512,147.05593134763984,652.1224532189401,20.515708545530707,0.35938592384473944,0.06355608720917684,1.1666126797922782
1.7776819439668956,0.09341373442372822,0.6916307389875858,446.72509646026396,81.57193627052412,69.97951888099512,147.05592347020755,652.12245373186,20.515708545541674,0.35938594298746573,0.06355608639182442,1.166612738878924
1.7776819439668956,0.09341373442372822,0.6916307289875857,446.72509647026396,81.57193627052412,69.97951888099512,147.05592282682358,652.1224537687776,20.51570854553275,0.3593859458513999,0.06355608645403332,1.1666127826764496
1.7776819439668956,0.09341373442372822,0.6916307289875857,446.72509646026396,81.57193628052411,69.97951888099512,147.05592307819782,652.1224537521098,20.515708545520148,0.359385946062285,0.06355608643959869,1.1666127823574057
1.7776819439668956,0.09341373442372822,0.6916307289875857,446.72509646026396,81.57193627052412,69.97951889099511,147.05592300335283,652.1224537570627,20.51570854552668,0.35938594600229495,0.06355608643744083,1.1666127826052552
1.7940554657905203,0.032217696607930564,0.6977707996714451,446.8899055186122,81.52123593465481,69.88329968583268,2.9631523887882403,655.360042836125,9.766580843256266,0.7465048650030196,0.06670896199294797,2.406558107119007
1.7940554757905203,0.032217696607930564,0.6977707996714451,446.8899055186122,81.52123593465481,69.88329968583268,2.9631562850612156,655.3600438458711,9.766581652608567,0.746504899517836,0.06670896180802098,2.4065581136855565
1.7940554657905203,0.032217706607930566,0.6977707996714451,446.8899055186122,81.52123593465481,69.88329968583268,2.9631490077705753,655.3600426845982,9.766582708924632,0.7465047361817609,0.06670896163048413,2.4065575598668323
1.7940554657905203,0.032217696607930564,0.6977708096714451,446.8899055186122,81.52123593465481,69.88329968583268,2.9631531386997487,655.3600430462831,9.766580944786474,0.7465048655320204,0.06670896151977065,2.4065579897742926
1.7940554657905203,0.032217696607930564,0.6977707996714451,446.8899055286122,81.52123593465481,69.88329968583268,2.963152464547338,655.360042850818,9.766580838808192,0.7465048647256878,0.06670896200945103,2.406558106964755
1.7940554657905203,0.032217696607930564,0.6977707996714451,446.8899055186122,81.5212359446548,69.88329968583268,2.9631523889194815,655.3600428354853,9.76658083882606,0.7465048652227594,0.06670896200120505,2.4065581059305265
1.7940554657905203,0.032217696607930564,0.6977707996714451,446.8899055186122,81.52123593465481,69.88329969583268,2.963152414507541,655.3600428403813,9.766580839459458,0.746504864599646,0.06670896199638857,2.40655810750441
1.7922078696729058,0.03376933406265141,0.697333156613675,446.88452608791675,81.52288088108168,69.88641036586908,1.8570813041039063,655.1379855173014,9.903645368277129,0.7207412898396126,0.06668456100535834,2.329435720492474
1.7922078796729057,0.03376933406265141,0.697333156613675,446.88452608791675,81.52288088108168,69.88641036586908,1.8570839473635958,655.1379864935068,9.903646194168953,0.720741325679511,0.06668456086484949,2.329435721445361
1.7922078696729058,0.03376934406265141,0.697333156613675,446.88452608791675,81.52288088108168,69.88641036586908,1.8570788884032796,655.1379853665057,9.903647231839743,0.7207411705071831,0.0666845605744974,2.3294352124530207
1.7922078696729058,0.03376933406265141,0.6973331666136751,446.88452608791675,81.52288088108168,69.88641036586908,1.8570817806459392,655.1379857199036,9.903645498309857,0.7207412900860214,0.06668456049055936,2.329435609465923
1.7922078696729058,0.03376933406265141,0.697333156613675,446.88452609791676,81.52288088108168,69.88641036586908,1.8570813201865,655.1379855269424,9.903645384682553,0.7207412906867707,0.06668456098548856,2.3294357178155285
1.7922078696729058,0.03376933406265141,0.697333156613675,446.88452608791675,81.52288089108167,69.88641036586908,1.8570812748659702,655.1379855116684,9.903645374027423,0.7207412915177674,0.06668456098045998,2.3294357174703926
1.7922078696729058,0.03376933406265141,0.697333156613675,446.88452608791675,81.52288088108168,69.88641037586908,1.8570813171202132,655.137985519187,9.90364535812859,0.7207412900536397,0.06668456102071918,2.329435719259838
1.7883102774421087,0.03727138352935595,0.6965813228421617,446.8736310473996,81.52641499406657,69.89283333554962,0.734260394500406,654.6912768620579,10.225139457241617,0.6678455562859571,0.06655599548162837,2.1755166154380072
1.7883102874421086,0.03727138352935595,0.6965813228421617,446.8736310473996,81.52641499406657,69.89283333554962,0.734260944394064,654.6912777802414,10.225140286779858,0.6678455920468606,0.06655599548454819,2.1755166115482245
1.7883102774421087,0.037271393529355955,0.6965813228421617,446.8736310473996,81.52641499406657,69.89283333554962,0.7342600807819211,654.6912767250916,10.225141285721001,0.6678454528863352,0.06655599497446846,2.1755161883697753
1.7883102774421087,0.03727138352935595,0.6965813328421617,446.8736310473996,81.52641499406657,69.89283333554962,0.734260445453213,654.6912770421449,10.225139598873314,0.6678455566774328,0.0665559949988387,2.1755165123095686
1.7883102774421087,0.03727138352935595,0.6965813228421617,446.8736310573996,81.52641499406657,69.89283333554962,0.7342604133058573,654.6912768840048,10.225139459791825,0.667845555006514,0.06655599547980835,2.175516618199054
1.7883102774421087,0.03727138352935595,0.6965813228421617,446.8736310473996,81.52641500406656,69.89283333554962,0.734260400911519,654.6912768679273,10.225139459824387,0.6678455558054889,0.06655599545782614,2.1755166177937006
1.7883102774421087,0.03727138352935595,0.6965813228421617,446.8736310473996,81.52641499406657,69.89283334554962,0.7342604018771965,654.6912768697398,10.225139465661776,0.6678455558363345,0.0665559954474883,2.1755166176424274
1.787338677071453,0.03790652805356754,0.6965001463918439,446.87135134354344,81.52712112307415,69.89414845276198,0.6933914077493517,654.5898823403021,10.26133838731816,0.6578777470460275,0.06651995955758835,2.1501359790504497
1.787338687071453,0.03790652805356754,0.6965001463918439,446.87135134354344,81.52712112307415,69.89414845276198,0.6933914558862703,654.5898832471775,10.261339214704286,0.6578777821777894,0.06651995960378797,2.1501359744903255
1.787338677071453,0.03790653805356754,0.6965001463918439,446.87135134354344,81.52712112307415,69.89414845276198,0.693391373520839,654.5898822079238,10.261340232516615,0.6578776462309881,0.06651995898817985,2.1501355661002153
1.787338677071453,0.03790652805356754,0.6965001563918439,446.87135134354344,81.52712112307415,69.89414845276198,0.6933913667752873,654.5898825179606,10.261338528270889,0.6578777474147737,0.06651995907026369,2.150135878840661
1.787338677071453,0.03790652805356754,0.6965001463918439,446.87135135354345,81.52712112307415,69.89414845276198,0.6933914106393947,654.5898823591178,10.26133838048562,0.6578777465573737,0.06651995956009761,2.1501359809583236
1.787338677071453,0.03790652805356754,0.6965001463918439,446.87135134354344,81.52712113307415,69.89414845276198,0.6933914110212485,654.5898823454446,10.261338397947421,0.6578777463275862,0.0665199595308213,2.1501359810458567
1.787338677071453,0.03790652805356754,0.6965001463918439,446.87135134354344,81.52712112307415,69.89414846276198,0.6933914094283923,654.5898823452892,10.261338393724099,0.6578777470251492,0.0665199595267203,2.1501359802790465
1.7872331767026288,0.03797860762433042,0.6965933751349468,446.87112005815834,81.52718553378155,69.89427761277175,0.6925414169498618,654.5807084324808,10.2671543872662,0.6567841266567475,0.06651091048474271,2.146265039014254
1.7872331867026288,0.03797860762433042,0.6965933751349468,446.87112005815834,81.52718553378155,69.89427761277175,0.69254142451765,654.5807093390131,10.26715520750353,0.6567841628017497,0.06651091050910639,2.146265035525688
1.7872331767026288,0.03797861762433042,0.6965933751349468,446.87112005815834,81.52718553378155,69.89427761277175,0.6925414193176596,654.5807082999636,10.267156222524234,0.6567840261657699,0.06651090993738826,2.1462646267998307
1.7872331767026288,0.03797860762433042,0.6965933851349468,446.87112005815834,81.52718553378155,69.89427761277175,0.6925413688777586,654.5807086126412,10.267154511852949,0.6567841266879537,0.06651091002127385,2.1462649398720033
1.7872331767026288,0.03797860762433042,0.6965933751349468,446.87112006815835,81.52718553378155,69.89427761277175,0.6925414173129955,654.5807084502092,10.267154374948174,0.6567841262512396,0.06651091050577942,2.1462650397281604
1.7872331767026288,0.03797860762433042,0.6965933751349468,446.87112005815834,81.52718554378154,69.89427761277175,0.6925414191367119,654.580708437531,10.267154390623704,0.6567841259805942,0.06651091047306773,2.1462650405084425
1.7872331767026288,0.03797860762433042,0.6965933751349468,446.87112005815834,81.52718553378155,69.89427762277174,0.6925414167355713,654.5807084359498,10.26715438544526,0.6567841266208433,0.06651091048233423,2.146265038700068
1.7871149816128729,0.038029628321556944,0.69684197126043,446.87097395373695,81.52721670461364,69.89435832864659,0.69142021309639,654.5734926869635,10.270099597420634,0.6558707739450089,0.06649575070170535,2.141705397396957
1.7871149916128728,0.038029628321556944,0.69684197126043,446.87097395373695,81.52721670461364,69.89435832864659,0.6914201798355623,654.5734935807645,10.27010039875083,0.6558708109912047,0.0664957507960376,2.141705387871147
1.7871149816128729,0.038029638321556945,0.69684197126043,446.87097395373695,81.52721670461364,69.89435832864659,0.6914202361085687,654.5734925447633,10.270101434975912,0.6558706748408589,0.06649575016359423,2.1417049828075916
1.7871149816128729,0.038029628321556944,0.6968419812604301,446.87097395373695,81.52721670461364,69.89435832864659,0.6914201542876375,654.5734928558204,10.27009972340598,0.6558707754508984,0.06649575025452968,2.1417052933396175
1.7871149816128729,0.038029628321556944,0.69684197126043,446.87097396373696,81.52721670461364,69.89435832864659,0.6914202106684375,654.5734926991794,10.270099584642086,0.6558707742400921,0.06649575072485799,2.1417053963851025
1.7871149816128729,0.038029628321556944,0.69684197126043,446.87097395373695,81.52721671461363,69.89435832864659,0.6914202104676908,654.5734926821449,10.270099599950603,0.655870775057731,0.06649575069023318,2.1417053950008182
1.7871149816128729,0.038029628321556944,0.69684197126043,446.87097395373695,81.52721670461364,69.89435833864658,0.6914202114684856,654.573492687466,10.270099594368585,0.6558707746297854,0.06649575069020655,2.1417053965213775
1.7865924508264872,0.038231333614847485,0.6983934389876731,446.87049352141247,81.52730709419218,69.89462255187829,0.6875178058420769,654.5500925319432,10.28512353233214,0.6521033607230612,0.06640880843489043,2.1180860997775315
1.7865924608264871,0.038231333614847485,0.6983934389876731,446.87049352141247,81.52730709419218,69.89462255187829,0.6875176773179199,654.5500934252631,10.285124361926865,0.6521033973641496,0.06640880849594068,2.118086090452525
1.7865924508264872,0.038231343614847486,0.6983934389876731,446.87049352141247,81.52730709419218,69.89462255187829,0.6875179468665222,654.5500923931228,10.285125381309,0.652103261682001,0.06640880786976372,2.1180856954405907
1.7865924508264872,0.038231333614847485,0.6983934489876732,446.87049352141247,81.52730709419218,69.89462255187829,0.687517737531794,654.5500927071657,10.28512367596403,0.6521033613809251,0.06640880795184859,2.1180859992191783
1.7865924508264872,0.038231333614847485,0.6983934389876731,446.8704935314125,81.52730709419218,69.89462255187829,0.6875178041441599,654.5500925474427,10.285123537883507,0.6521033607582726,0.06640880842020318,2.118086100389578
1.7865924508264872,0.038231333614847485,0.6983934389876731,446.87049352141247,81.52730710419218,69.89462255187829,0.6875178084076299,654.5500925344986,10.285123552594921,0.6521033604707243,0.06640880839813391,2.118086100348857
1.7865924508264872,0.038231333614847485,0.6983934389876731,446.87049352141247,81.52730709419218,69.89462256187828,0.6875178088674755,654.5500925356378,10.285123561215194,0.6521033605943124,0.06640880838366083,2.1180861000131874
1.7863368988874047,0.03819102373910913,0.6994219554567674,446.8706791582343,81.52716988397529,69.8944706111859,0.6834512993710027,654.5459255423499,10.270765647354906,0.6516375677558418,0.06636189292521726,2.109492721735561
1.7863369088874046,0.03819102373910913,0.6994219554567674,446.8706791582343,81.52716988397529,69.8944706111859,0.6834511189727734,654.5459264377038,10.270766464358854,0.6516376037511552,0.06636189301700213,2.1094927124090534
1.7863368988874047,0.038191033739109134,0.6994219554567674,446.8706791582343,81.52716988397529,69.8944706111859,0.6834513837448035,654.5459253903332,10.270767449636274,0.6516374698483773,0.06636189246059979,2.1094923133433983
1.7863368988874047,0.03819102373910913,0.6994219654567675,446.8706791582343,81.52716988397529,69.8944706111859,0.6834512194377407,654.5459257112469,10.270765757599035,0.6516375687173809,0.06636189252564147,2.109492617037198
1.7863368988874047,0.03819102373910913,0.6994219554567674,446.8706791682343,81.52716988397529,69.8944706111859,0.683451293007617,654.5459255482218,10.27076562921838,0.6516375684627534,0.06636189298394488,2.1094927170833038
1.7863368988874047,0.03819102373910913,0.6994219554567674,446.8706791582343,81.52716989397528,69.8944706111859,0.683451294269938,654.5459255353987,10.270765612794698,0.6516375689300803,0.06636189298021558,2.1094927179889136
1.7863368988874047,0.03819102373910913,0.6994219554567674,446.8706791582343,81.52716988397529,69.89447062118589,0.6834512961788946,654.5459255392007,10.270765634417765,0.6516375683608661,0.06636189295588135,2.1094927183506296
1.7822889748315036,0.037898348750085145,0.7169632900150185,446.87303477813094,81.52518370414705,69.8924453945003,0.6724566012666274,654.5147240189918,10.160071969449971,0.6382643501534289,0.06554295443842999,1.947692105510766
1.7822889848315036,0.037898348750085145,0.7169632900150185,446.87303477813094,81.52518370414705,69.8924453945003,0.6724560249795225,654.5147249354245,10.160072829974442,0.6382643831823936,0.06554295448098112,1.9476920982790402
1.7822889748315036,0.03789835875008515,0.7169632900150185,446.87303477813094,81.52518370414705,69.8924453945003,0.67245639528672,654.5147238451282,10.160073904808852,0.6382642487204985,0.06554295388758578,1.947691737403924
1.7822889748315036,0.037898348750085145,0.7169633000150185,446.87303477813094,81.52518370414705,69.8924453945003,0.6724564824797487,654.5147242188723,10.16007215560601,0.638264346984118,0.06554295397172888,1.9476920066339196
1.7822889748315036,0.037898348750085145,0.7169632900150185,446.87303478813095,81.52518370414705,69.8924453945003,0.67245659576378,654.5147240338786,10.16007196790488,0.638264350192399,0.06554295443855698,1.9476921056925638
1.7822889748315036,0.037898348750085145,0.7169632900150185,446.87303477813094,81.52518371414705,69.8924453945003,0.6724565978585915,654.5147240190381,10.160071986975096,0.6382643501979942,0.0655429544111879,1.9476921050237221
1.7822889748315036,0.037898348750085145,0.7169632900150185,446.87303477813094,81.52518370414705,69.8924454045003,0.6724565951235069,654.5147240247258,10.160071994187929,0.6382643498833019,0.06554295438899738,1.9476921067629505
1.783309916308089,0.037926043835425215,0.714476257282591,446.8729571420636,81.52520522498796,69.89244467258075,0.6517941232989091,654.5583954827391,10.205550735965732,0.6421212183871535,0.06566382565425703,1.9706201925385367
1.783309926308089,0.037926043835425215,0.714476257282591,446.8729571420636,81.52520522498796,69.89244467258075,0.6517938873176092,654.5583964052091,10.205551590113313,0.6421212512306974,0.06566382568885756,1.9706201873611142
1.783309916308089,0.037926053835425216,0.714476257282591,446.8729571420636,81.52520522498796,69.89244467258075,0.6517940623885743,654.5583953152566,10.205552633021279,0.6421211168300804,0.06566382513417568,1.9706198207031687
1.783309916308089,0.037926043835425215,0.7144762672825911,446.8729571420636,81.52520522498796,69.89244467258075,0.6517940734319159,654.5583956821589,10.205550905060175,0.6421212161191338,0.06566382517639364,1.970620094557395
1.783309916308089,0.037926043835425215,0.714476257282591,446.87295715206363,81.52520522498796,69.89244467258075,0.6517941216173713,654.558395494792,10.205550727655275,0.6421212188785828,0.06566382566520723,1.9706201915623311
1.783309916308089,0.037926043835425215,0.714476257282591,446.8729571420636,81.52520523498795,69.89244467258075,0.6517941232881759,654.5583954808227,10.20555072276092,0.6421212192235554,0.06566382565541923,1.9706201915833268
1.783309916308089,0.037926043835425215,0.714476257282591,446.8729571420636,81.52520522498796,69.89244468258075,0.651794124046841,654.5583954861079,10.205550718287684,0.6421212186767784,0.06566382565868384,1.9706201928788758
1.7838209693659202,0.03788705686443651,0.7137703694694864,446.8731855707062,81.52504850937858,69.89222846716265,0.6477607844516974,654.5923037902004,10.227939204552296,0.6444201254157631,0.06570290462425835,1.9787285196865148
1.78382097936592,0.03788705686443651,0.7137703694694864,446.8731855707062,81.52504850937858,69.89222846716265,0.6477607850336216,654.5923047076556,10.227940026448982,0.6444201590637245,0.06570290471872156,1.978728510913275
1.7838209693659202,0.03788706686443651,0.7137703694694864,446.8731855707062,81.52504850937858,69.89222846716265,0.6477607797695282,654.5923036147377,10.227941127058703,0.6444200240056802,0.06570290410343059,1.9787281415570819
1.7838209693659202,0.03788705686443651,0.7137703794694864,446.8731855707062,81.52504850937858,69.89222846716265,0.6477607823271856,654.5923039846459,10.22793936513216,0.644420122876986,0.06570290419685718,1.9787284181456735
1.7838209693659202,0.03788705686443651,0.7137703694694864,446.8731855807062,81.52504850937858,69.89222846716265,0.6477607846207738,654.5923038008577,10.227939211353062,0.6444201253796602,0.06570290463862472,1.9787285175294071
1.7838209693659202,0.03788705686443651,0.7137703694694864,446.8731855707062,81.52504851937857,69.89222846716265,0.6477607838287174,654.5923037885426,10.22793920008238,0.644420125552797,0.06570290463417787,1.978728518263994
1.7838209693659202,0.03788705686443651,0.7137703694694864,446.8731855707062,81.52504850937858,69.89222847716265,0.647760784033986,654.5923037904779,10.227939192145644,0.6444201257149367,0.0657029046387553,1.9787285183226007
1.7836823349817896,0.037886695982014475,0.7144054307478679,446.87327114165777,81.52497517180534,69.89215360774864,0.6477064730920299,654.5921985120583,10.22739399344118,0.6437891954045564,0.06567298681777523,1.9724969939020751
1.7836823449817896,0.037886695982014475,0.7144054307478679,446.87327114165777,81.52497517180534,69.89215360774864,0.6477064735026085,654.592199434641,10.227394818400844,0.6437892288614425,0.06567298688692726,1.9724969875154659
1.7836823349817896,0.037886705982014476,0.7144054307478679,446.87327114165777,81.52497517180534,69.89215360774864,0.6477064736029312,654.5921983405893,10.227395923853337,0.6437890937309725,0.0656729862649049,1.972496620344169
1.7836823349817896,0.037886695982014475,0.7144054407478679,446.87327114165777,81.52497517180534,69.89215360774864,0.6477064724855447,654.5921987098053,10.227394195590662,0.6437891924072663,0.06567298633076707,1.9724968937592042
1.7836823349817896,0.037886695982014475,0.7144054307478679,446.8732711516578,81.52497517180534,69.89215360774864,0.6477064758748448,654.5921985319445,10.22739398683178,0.6437891953561935,0.06567298679987231,1.9724969967241706
1.7836823349817896,0.037886695982014475,0.7144054307478679,446.87327114165777,81.52497518180533,69.89215360774864,0.6477064730257963,654.5921985140756,10.227394000731149,0.6437891957480225,0.06567298678140959,1.972496994980933
1.7836823349817896,0.037886695982014475,0.7144054307478679,446.87327114165777,81.52497517180534,69.89215361774863,0.6477064732174944,654.5921985163793,10.227394010905057,0.643789195530016,0.0656729867725118,1.972496994779355
1.7834911668033377,0.03786942067456678,0.7152772168109272,446.8728257895615,81.52501504507897,69.89230836802061,0.6477537644734066,654.5916420552023,10.223802853834208,0.6430771534935028,0.06563190177471291,1.9645978613422563
1.7834911768033377,0.03786942067456678,0.7152772168109272,446.8728257895615,81.52501504507897,69.89230836802061,0.6477537523370298,654.5916429695164,10.22380366624521,0.6430771877961642,0.06563190188440593,1.9645978505824064
1.7834911668033377,0.03786943067456678,0.7152772168109272,446.8728257895615,81.52501504507897,69.89230836802061,0.6477537557406827,654.5916418790222,10.223804775011576,0.6430770521624611,0.06563190124634768,1.9645974880344512
1.7834911668033377,0.03786942067456678,0.7152772268109272,446.8728257895615,81.52501504507897,69.89230836802061,0.6477537639608142,654.5916422542772,10.223803027393426,0.6430771510796933,0.0656319013079457,1.9645977618030679
1.7834911668033377,0.03786942067456678,0.7152772168109272,446.8728257995615,81.52501504507897,69.89230836802061,0.6477537640059268,654.5916420643266,10.223802852355142,0.6430771540026402,0.06563190179135346,1.9645978588448336
1.7834911668033377,0.03786942067456678,0.7152772168109272,446.8728257895615,81.52501505507897,69.89230836802061,0.6477537633524948,654.5916420519121,10.223802847101238,0.643077153842852,0.06563190179324087,1.964597858885196
1.7834911668033377,0.03786942067456678,0.7152772168109272,446.8728257895615,81.52501504507897,69.8923083780206,0.6477537637891039,654.591642056296,10.223802859800465,0.6430771538646465,0.06563190175588987,1.964597860620481
1.7836159765025332,0.03788069936092304,0.7147080459521872,446.8731165506161,81.52498901265386,69.8922073282809,0.6476990443839503,654.5919954145278,10.226127165011686,0.6435435601243849,0.06565871956361484,1.9697542991594297
1.7836159865025332,0.03788069936092304,0.7147080459521872,446.8731165506161,81.52498901265386,69.8922073282809,0.6476990414287214,654.5919963362609,10.226127985512539,0.6435435931659345,0.06565871965900272,1.9697542916633883
1.7836159765025332,0.03788070936092304,0.7147080459521872,446.8731165506161,81.52498901265386,69.8922073282809,0.6476990424897987,654.5919952421585,10.226129092701925,0.6435434577676129,0.06565871904028607,1.9697539253537961
1.7836159765025332,0.03788069936092304,0.7147080559521872,446.8731165506161,81.52498901265386,69.8922073282809,0.6476990441474079,654.5919956130292,10.226127346968962,0.6435435573011017,0.06565871909536296,1.9697541994968444
1.7836159765025332,0.03788069936092304,0.7147080459521872,446.8731165606161,81.52498901265386,69.8922073282809,0.6476990457047122,654.5919954299283,10.226127164869201,0.6435435602793118,0.06565871955502027,1.9697542997488973
1.7836159765025332,0.03788069936092304,0.7147080459521872,446.8731165506161,81.52498902265386,69.8922073282809,0.6476990457432117,654.5919954195075,10.226127163518038,0.643543559817497,0.06565871954728389,1.9697543009168421
1.7836159765025332,0.03788069936092304,0.7147080459521872,446.8731165506161,81.52498901265386,69.8922073382809,0.6476990449227611,654.5919954176635,10.226127172027116,0.6435435597167324,0.0656587195565436,1.969754298873399
1.7836275664465773,0.03788710758691753,0.7146772075117953,446.8730387214975,81.52496628779632,69.89221935605386,0.6476896652488525,654.5922322940611,10.227804322509739,0.6435240786817318,0.06565986074949819,1.9698159452742219
1.7836275764465772,0.03788710758691753,0.7146772075117953,446.8730387214975,81.52496628779632,69.89221935605386,0.6476896657384712,654.5922332151371,10.227805166440648,0.643524112291816,0.06565986079791952,1.9698159380055762
1.7836275664465773,0.03788711758691753,0.7146772075117953,446.8730387214975,81.52496628779632,69.89221935605386,0.6476896704090478,654.5922321214505,10.227806264231273,0.6435239762654936,0.06565986021414075,1.9698155710139238
1.7836275664465773,0.03788710758691753,0.7146772175117954,446.8730387214975,81.52496628779632,69.89221935605386,0.6476896638287044,654.5922324860694,10.22780450293197,0.6435240764792816,0.06565986030225729,1.9698158423993115
1.7836275664465773,0.03788710758691753,0.7146772075117953,446.8730387314975,81.52496628779632,69.89221935605386,0.6476896646960384,654.5922323028108,10.227804320477988,0.6435240791414072,0.06565986077198187,1.9698159423879664
1.7836275664465773,0.03788710758691753,0.7146772075117953,446.8730387214975,81.52496629779631,69.89221935605386,0.6476896630195397,654.5922322882026,10.22780432464712,0.6435240792890444,0.06565986075971085,1.9698159418825427
1.7836275664465773,0.03788710758691753,0.7146772075117953,446.8730387214975,81.52496628779632,69.89221936605385,0.6476896619738441,654.5922322854307,10.227804299189582,0.6435240799877481,0.06565986079713468,1.969815939842747
1.7836019399071845,0.03788621759613086,0.7148284985062348,446.8728943503754,81.52495722148342,69.89226294245982,0.6476884119955906,654.5927024717031,10.228235843382878,0.6434033430794301,0.06565263828529846,1.9683625415134947
1.7836019499071845,0.03788621759613086,0.7148284985062348,446.8728943503754,81.52495722148342,69.89226294245982,0.6476884170917565,654.5927033959845,10.228236679135566,0.6434033765800442,0.06565263833166554,1.9683625357511567
1.7836019399071845,0.03788622759613086,0.7148284985062348,446.8728943503754,81.52495722148342,69.89226294245982,0.6476884225627555,654.5927023078095,10.228237801534704,0.6434032400881992,0.0656526376931185,1.968362172367713
1.7836019399071845,0.03788621759613086,0.7148285085062348,446.8728943503754,81.52495722148342,69.89226294245982,0.6476884144518942,654.5927026729951,10.228236024923358,0.6434033403052454,0.06565263780429553,1.968362443098229
1.7836019399071845,0.03788621759613086,0.7148284985062348,446.8728943603754,81.52495722148342,69.89226294245982,0.6476884137602807,654.5927024890929,10.228235867694014,0.6434033427548899,0.0656526382486688,1.9683625426699132
1.7836019399071845,0.03788621759613086,0.7148284985062348,446.8728943503754,81.52495723148341,69.89226294245982,0.6476884121302371,654.5927024750368,10.22823585848455,0.6434033433012536,0.06565263823774754,1.9683625429300429
1.7836019399071845,0.03788621759613086,0.7148284985062348,446.8728943503754,81.52495722148342,69.89226295245982,0.647688411116114,654.5927024727804,10.228235851208634,0.6434033436109913,0.06565263826116234,1.968362540693568
1.7835257452397488,0.037868863454563736,0.7153224784109486,446.87183850906763,81.52500185180895,69.89265285904791,0.6476637651997978,654.5944642754881,10.22780483154692,0.6431740504656744,0.06562906701603088,1.9641700137504432
1.7835257552397488,0.037868863454563736,0.7153224784109486,446.87183850906763,81.52500185180895,69.89265285904791,0.6476637795920822,654.5944652011353,10.227805691653032,0.6431740835720627,0.0656290670383952,1.9641700078594326
1.7835257452397488,0.03786887345456374,0.7153224784109486,446.87183850906763,81.52500185180895,69.89265285904791,0.6476637714745183,654.5944640949488,10.227806758521648,0.6431739487147762,0.06562906651788634,1.9641696378590667
1.7835257452397488,0.037868863454563736,0.7153224884109487,446.87183850906763,81.52500185180895,69.89265285904791,0.6476637697159251,654.5944644738594,10.227805027265283,0.643174047554772,0.06562906653887382,1.9641699133824968
1.7835257452397488,0.037868863454563736,0.7153224784109486,446.87183851906764,81.52500185180895,69.89265285904791,0.6476637645632245,654.5944642827372,10.227804799845112,0.64317405145131,0.06562906707227047,1.9641700103427284
1.7835257452397488,0.037868863454563736,0.7153224784109486,446.87183850906763,81.52500186180895,69.89265285904791,0.6476637650776371,654.5944642766873,10.227804827978774,0.6431740508297151,0.06562906700200635,1.9641700140571594
1.7835257452397488,0.037868863454563736,0.7153224784109486,446.87183850906763,81.52500185180895,69.89265286904791,0.6476637647717034,654.5944642776032,10.227804821111702,0.6431740512708884,0.06562906700143954,1.964170013827347
1.7835634305391068,0.03787744668016297,0.7150781597307507,446.87236072009756,81.52497977799152,69.89246000928767,0.6476669791436188,654.5935885688916,10.228011916182272,0.643288024300654,0.06564072159113338,1.9662436006554436
1.7835634405391068,0.03787744668016297,0.7150781597307507,446.87236072009756,81.52497977799152,69.89246000928767,0.6476669883635253,654.5935894903696,10.22801276321995,0.6432880573020573,0.06564072165496802,1.9662435927272817
1.7835634305391068,0.03787745668016297,0.7150781597307507,446.87236072009756,81.52497977799152,69.89246000928767,0.6476669885722467,654.5935883979963,10.228013830917343,0.6432879218225964,0.06564072108131398,1.9662432286380376
1.7835634305391068,0.03787744668016297,0.7150781697307508,446.87236072009756,81.52497977799152,69.89246000928767,0.6476669819945144,654.5935887656733,10.22801209842007,0.6432880214758474,0.06564072113781991,1.966243499538451
1.7835634305391068,0.03787744668016297,0.7150781597307507,446.87236073009757,81.52497977799152,69.89246000928767,0.6476669788098253,654.5935885781315,10.228011910678099,0.6432880248231336,0.06564072161441382,1.9662435980279998
1.7835634305391068,0.03787744668016297,0.7150781597307507,446.87236072009756,81.52497978799151,69.89246000928767,0.6476669797991668,654.5935885719877,10.228011929086744,0.6432880239738773,0.06564072156495522,1.966243601498766
1.7835634305391068,0.03787744668016297,0.7150781597307507,446.87236072009756,81.52497977799152,69.89246001928767,0.6476669779875579,654.5935885685303,10.228011924253423,0.6432880247584734,0.0656407215768057,1.9662435990195442
1.7835709163664915,0.037868523963370634,0.7149820609317632,446.8724738800966,81.5249742523898,69.89246673926817,0.6476606296213557,654.5926819828792,10.225178381608345,0.6434327738075434,0.06564571076098714,1.967527438510633
1.7835709263664914,0.037868523963370634,0.7149820609317632,446.8724738800966,81.5249742523898,69.89246673926817,0.6476606279158106,654.5926829041682,10.225179202750715,0.6434328075372315,0.06564571083827583,1.9675274311040576
1.7835709163664915,0.037868533963370636,0.7149820609317632,446.8724738800966,81.5249742523898,69.89246673926817,0.6476606255573009,654.592681814433,10.225180317086243,0.6434326714825445,0.06564571020242492,1.967527067609187
1.7835709163664915,0.037868523963370634,0.7149820709317632,446.8724738800966,81.5249742523898,69.89246673926817,0.6476606299155873,654.5926821800405,10.225178556641282,0.6434327711918099,0.06564571030839428,1.967527337797664
1.7835709163664915,0.037868523963370634,0.7149820609317632,446.8724738900966,81.5249742523898,69.89246673926817,0.6476606330379672,654.5926820038253,10.225178390074245,0.6434327728874579,0.06564571074719884,1.9675274408999313
1.7835709163664915,0.037868523963370634,0.7149820609317632,446.8724738800966,81.52497426238979,69.89246673926817,0.6476606303104402,654.5926819852839,10.225178370271095,0.6434327737993571,0.06564571076534124,1.9675274388973087
1.7835709163664915,0.037868523963370634,0.7149820609317632,446.8724738800966,81.5249742523898,69.89246674926817,0.6476606307828108,654.5926819888634,10.225178381191247,0.6434327736664704,0.06564571074123883,1.967527439886262
1.7835669274099408,0.03787327859205364,0.715033268889687,446.87241358077415,81.52497719680517,69.89246315307811,0.6476604218402855,654.5931649657775,10.226687802395125,0.6433556656963247,0.06564305201807917,1.966843239434235
1.7835669374099408,0.03787327859205364,0.715033268889687,446.87241358077415,81.52497719680517,69.89246315307811,0.6476604257178034,654.5931658862247,10.22668861263339,0.6433556996327768,0.06564305210905742,1.966843231654999
1.7835669274099408,0.03787328859205364,0.715033268889687,446.87241358077415,81.52497719680517,69.89246315307811,0.6476604217978019,654.5931647866292,10.226689733884555,0.6433555640257791,0.06564305150531605,1.966842863371572
1.7835669274099408,0.03787327859205364,0.715033278889687,446.87241358077415,81.52497719680517,69.89246315307811,0.6476604243781952,654.5931651646634,10.226687965193587,0.6433556629730082,0.06564305157555105,1.9668431396179171
1.7835669274099408,0.03787327859205364,0.715033268889687,446.87241359077416,81.52497719680517,69.89246315307811,0.6476604235096781,654.5931649812409,10.226687789958836,0.6433556659223608,0.06564305202433884,1.9668432400511657
1.7835669274099408,0.03787327859205364,0.715033268889687,446.87241358077415,81.52497720680516,69.89246315307811,0.6476604218704812,654.5931649672883,10.226687804695903,0.6433556658342728,0.06564305200095763,1.9668432397490028
1.7835669274099408,0.03787327859205364,0.715033268889687,446.87241358077415,81.52497719680517,69.8924631630781,0.6476604217997616,654.5931649667543,10.226687782135164,0.6433556660429223,0.06564305203855814,1.9668432383931949
1.7835639335508413,0.03786229340999639,0.7149675779126535,446.8722951854677,81.52500856258897,69.89257819944592,0.6476528761631196,654.591646550531,10.223242921582946,0.6434763408858963,0.06564632423860822,1.9679160346775506
1.7835639435508412,0.03786229340999639,0.7149675779126535,446.8722951854677,81.52500856258897,69.89257819944592,0.6476528647681445,654.5916474701005,10.223243735483978,0.6434763744691148,0.0656463243384455,1.9679160263313626
1.7835639335508413,0.03786230340999639,0.7149675779126535,446.8722951854677,81.52500856258897,69.89257819944592,0.6476528616535069,654.5916463745439,10.223244848354026,0.6434762392194724,0.06564632371243977,1.9679156600473244
1.7835639335508413,0.03786229340999639,0.7149675879126536,446.8722951854677,81.52500856258897,69.89257819944592,0.6476528740555486,654.5916467457732,10.223243082684764,0.6434763385073828,0.06564632380855157,1.9679159330422877
1.7835639335508413,0.03786229340999639,0.7149675779126535,446.8722951954677,81.52500856258897,69.89257819944592,0.6476528757966898,654.5916465598999,10.223242918349227,0.6434763413607698,0.06564632425842935,1.9679160321744942
1.7835639335508413,0.03786229340999639,0.7149675779126535,446.8722951854677,81.52500857258896,69.89257819944592,0.647652874565715,654.591646545626,10.223242901126751,0.6434763418649926,0.065646324263094,1.9679160320630706
1.7835639335508413,0.03786229340999639,0.7149675779126535,446.8722951854677,81.52500856258897,69.89257820944592,0.6476528729190149,654.5916465435814,10.223242925444762,0.6434763419713528,0.06564632424565717,1.967916030070948
1.7835756571818957,0.03785759281102357,0.7148970966218537,446.87221324583135,81.52505242495869,69.89266054773323,0.6476490316576453,654.5913205266257,10.222124261653285,0.6435841639966405,0.06564964955765694,1.9687894901890277
1.7835756671818956,0.03785759281102357,0.7148970966218537,446.87221324583135,81.52505242495869,69.89266054773323,0.6476490142285516,654.5913214442207,10.222125104398959,0.6435841980719551,0.06564964961370034,1.9687894811977333
1.7835756571818957,0.03785760281102357,0.7148970966218537,446.87221324583135,81.52505242495869,69.89266054773323,0.6476490125929292,654.5913203549749,10.222126193164042,0.6435840620142974,0.06564964901034862,1.968789117362464
1.7835756571818957,0.03785759281102357,0.7148971066218538,446.87221324583135,81.52505242495869,69.89266054773323,0.6476490295065115,654.591320725807,10.222124446649874,0.6435841606905406,0.06564964909975343,1.9687893901409557
1.7835756571818957,0.03785759281102357,0.7148970966218537,446.87221325583135,81.52505242495869,69.89266054773323,0.6476490317612704,654.5913205397023,10.222124282137909,0.6435841640014104,0.06564964953850094,1.9687894894000673
1.7835756571818957,0.03785759281102357,0.7148970966218537,446.87221324583135,81.52505243495868,69.89266054773323,0.6476490311618384,654.591320528079,10.222124290334927,0.6435841636428564,0.06564964951967177,1.968789490135519
1.7835756571818957,0.03785759281102357,0.7148970966218537,446.87221324583135,81.52505242495869,69.89266055773322,0.6476490316908015,654.5913205306849,10.222124284759662,0.64358416364818,0.06564964952194814,1.9687894904437884
1.7836526504224233,0.03786906663972714,0.7145255976741646,446.87224259031257,81.52518331891918,69.89276224574283,0.6476169815449124,654.5909157413754,10.224211377019753,0.6438333132959166,0.06566632679909663,1.9720118145646295
1.7836526604224232,0.03786906663972714,0.7145255976741646,446.87224259031257,81.52518331891918,69.89276224574283,0.6476169696010762,654.5909166692817,10.224212231801095,0.6438333457937737,0.06566632682868856,1.972011810188752
1.7836526504224233,0.03786907663972714,0.7145255976741646,446.87224259031257,81.52518331891918,69.89276224574283,0.6476169701754704,654.5909155729239,10.224213310267945,0.643833211074232,0.0656663262445394,1.9720114419337131
1.7836526504224233,0.03786906663972714,0.7145256076741646,446.87224259031257,81.52518331891918,69.89276224574283,0.6476169815446385,654.5909159478543,10.224211558720997,0.6438333093050496,0.06566632632492464,1.972011718097401
1.7836526504224233,0.03786906663972714,0.7145255976741646,446.8722426003126,81.52518331891918,69.89276224574283,0.6476169834383533,654.5909157594554,10.224211387768964,0.6438333130521137,0.06566632677345753,1.9720118162760758
1.7836526504224233,0.03786906663972714,0.7145255976741646,446.87224259031257,81.52518332891917,69.89276224574283,0.6476169843793902,654.5909157515944,10.224211390234737,0.6438333122958879,0.0656663267536488,1.97201181877591
1.7836526504224233,0.03786906663972714,0.7145255976741646,446.87224259031257,81.52518331891918,69.89276225574282,0.6476169828113179,654.5909157487844,10.224211395110789,0.6438333127524255,0.06566632675825713,1.97201181643579
1.7838700641632375,0.03788558028148475,0.713570741653196,446.87214509838594,81.52548214868919,69.89309307281452,0.647698074455928,654.5917465584156,10.228925773385011,0.6446574397137315,0.06570990448146886,1.9807762208919715
1.7838700741632374,0.03788558028148475,0.713570741653196,446.87214509838594,81.52548214868919,69.89309307281452,0.6476980729305774,654.5917474724226,10.228926583391774,0.6446574735111399,0.06570990460915192,1.9807762101448532
1.7838700641632375,0.03788559028148475,0.713570741653196,446.87214509838594,81.52548214868919,69.89309307281452,0.6476980742965343,654.591746385471,10.228927689484825,0.6446573374616493,0.0657099039843148,1.9807758425507997
1.7838700641632375,0.03788558028148475,0.7135707516531961,446.87214509838594,81.52548214868919,69.89309307281452,0.647698072971105,654.5917467577044,10.228925955336111,0.6446574364544732,0.06570990402105316,1.9807761213186148
1.7838700641632375,0.03788558028148475,0.713570741653196,446.87214510838595,81.52548214868919,69.89309307281452,0.6476980743460214,654.591746569488,10.228925797168582,0.6446574396686532,0.06570990447124277,1.9807762188844076
1.7838700641632375,0.03788558028148475,0.713570741653196,446.87214509838594,81.52548215868919,69.89309307281452,0.6476980744883845,654.5917465594304,10.228925778649595,0.6446574396423347,0.06570990447021978,1.9807762207149395
1.7838700641632375,0.03788558028148475,0.713570741653196,446.87214509838594,81.52548214868919,69.89309308281452,0.6476980750055858,654.5917465617886,10.228925758632112,0.6446574398833133,0.06570990448446556,1.9807762212645508
1.7837003361978205,0.03787268860864638,0.7143161672601432,446.87222120722015,81.5252488618294,69.89283480668298,0.647611303402934,654.5910891835298,10.225226769792062,0.6440154301612232,0.06567588084354883,1.9739333478539831
1.7837003461978205,0.03787268860864638,0.7143161672601432,446.87222120722015,81.5252488618294,69.89283480668298,0.6476112914067728,654.5910901016022,10.225227598638472,0.6440154642460932,0.065675880912473,1.9739333395605057
1.7837003361978205,0.03787269860864638,0.7143161672601432,446.87222120722015,81.5252488618294,69.89283480668298,0.6476112916798877,654.5910890063282,10.22522870683212,0.6440153287199164,0.06567588030818043,1.9739329705386344
1.7837003361978205,0.03787268860864638,0.7143161772601433,446.87222120722015,81.5252488618294,69.89283480668298,0.6476113015505447,654.5910893856662,10.225226947898538,0.6440154274134186,0.06567588035679776,1.9739332502912366
1.7837003361978205,0.03787268860864638,0.7143161672601432,446.87222121722016,81.5252488618294,69.89283480668298,0.6476113024557435,654.5910891922214,10.225226764226386,0.6440154310251522,0.06567588085943689,1.9739333451882022
1.7837003361978205,0.03787268860864638,0.7143161672601432,446.87222120722015,81.52524887182939,69.89283480668298,0.6476113030416587,654.5910891842681,10.22522677799079,0.64401543028133,0.06567588082440283,1.9739333476353136
1.7837003361978205,0.03787268860864638,0.7143161672601432,446.87222120722015,81.5252488618294,69.89283481668298,0.6476113043504843,654.5910891894441,10.225226782083192,0.644015429811758,0.06567588081295052,1.973933349061945
1.7838567484460608,0.037904483268079756,0.7135451948384733,446.87244595052675,81.5254255694085,69.89297325902939,0.6477474699602225,654.5900751776339,10.230852849614445,0.6444285262015189,0.06571043410431564,1.980320541016024
1.7838567584460607,0.037904483268079756,0.7135451948384733,446.87244595052675,81.5254255694085,69.89297325902939,0.6477474619416761,654.5900760905189,10.23085365549321,0.6444285607862553,0.0657104342165048,1.9803205306275948
1.7838567484460608,0.03790449326807976,0.7135451948384733,446.87244595052675,81.5254255694085,69.89297325902939,0.6477474803102794,654.5900750051176,10.230854755143787,0.6444284250174845,0.06571043358448872,1.9803201643299593
1.7838567484460608,0.037904483268079756,0.7135452048384734,446.87244595052675,81.5254255694085,69.89297325902939,0.6477474661611761,654.5900753739763,10.230852997952898,0.6444285241892991,0.06571043366316065,1.9803204413380586
1.7838567484460608,0.037904483268079756,0.7135451948384733,446.87244596052676,81.5254255694085,69.89297325902939,0.647747470429193,654.5900751906263,10.230852831961863,0.6444285266748034,0.06571043412546312,1.9803205403356816
1.7838567484460608,0.037904483268079756,0.7135451948384733,446.87244595052675,81.52542557940849,69.89297325902939,0.6477474692808889,654.5900751779636,10.230852854644262,0.6444285267865686,0.0657104340750936,1.9803205411597222
1.7838567484460608,0.037904483268079756,0.7135451948384733,446.87244595052675,81.5254255694085,69.89297326902938,0.647747471330911,654.5900751861549,10.230852851545858,0.644428526453421,0.06571043405329992,1.9803205442669554
1.7837217563574168,0.03787704278606557,0.714210585040705,446.8722519851007,81.52527306136996,69.89285376729119,0.6476180999571197,654.5909458237181,10.225989852707613,0.6440726106451216,0.06568061059438784,1.9748080353996498
1.7837217663574167,0.03787704278606557,0.714210585040705,446.8722519851007,81.52527306136996,69.89285376729119,0.6476180904585541,654.5909467484042,10.225990699073078,0.6440726441058265,0.06568061061872382,1.9748080305487847
1.7837217563574168,0.037877052786065575,0.714210585040705,446.8722519851007,81.52527306136996,69.89285376729119,0.6476180924259688,654.5909456524234,10.225991806282222,0.6440725088933282,0.06568061001028179,1.9748076611291419
1.7837217563574168,0.03787704278606557,0.714210595040705,446.8722519851007,81.52527306136996,69.89285376729119,0.6476180965084352,654.5909460216209,10.225990049215202,0.6440726079900482,0.06568061010004322,1.9748079358902426
1.7837217563574168,0.03787704278606557,0.714210585040705,446.8722519951007,81.52527306136996,69.89285376729119,0.647618101840352,654.5909458402894,10.225989854074252,0.6440726103995047,0.06568061058845673,1.974808036421056
1.7837217563574168,0.03787704278606557,0.714210585040705,446.8722519851007,81.52527307136995,69.89285376729119,0.6476180992113394,654.5909458258315,10.225989884555728,0.6440726110437975,0.0656806105205478,1.9748080367396454
1.7837217563574168,0.03787704278606557,0.714210585040705,446.8722519851007,81.52527306136996,69.89285377729118,0.6476181002348308,654.5909458282637,10.225989862255663,0.6440726108156957,0.06568061055678008,1.9748080364818725
1.7837058078668786,0.0378738008607634,0.7142891968278929,446.87222906927065,81.52525504347696,69.89283965007235,0.6476126854472348,654.5910524334922,10.225421484982354,0.6440300545824492,0.06567708892660198,1.9741567847053867
1.7837058178668785,0.0378738008607634,0.7142891968278929,446.87222906927065,81.52525504347696,69.89283965007235,0.6476126734574189,654.5910533499241,10.225422319655172,0.6440300882033073,0.06567708901256115,1.97415677499825
1.7837058078668786,0.0378738108607634,0.7142891968278929,446.87222906927065,81.52525504347696,69.89283965007235,0.6476126735805134,654.5910522503659,10.225423381022136,0.6440299537838502,0.06567708845975719,1.97415640465988
1.7837058078668786,0.0378738008607634,0.714289206827893,446.87222906927065,81.52525504347696,69.89283965007235,0.6476126799303966,654.5910526216823,10.22542165081337,0.6440300523991284,0.06567708851956873,1.974156679701947
1.7837058078668786,0.0378738008607634,0.7142891968278929,446.87222907927065,81.52525504347696,69.89283965007235,0.6476126864342618,654.5910524470163,10.225421470461113,0.6440300549435517,0.06567708894218384,1.9741567844052166
1.7837058078668786,0.0378738008607634,0.7142891968278929,446.87222906927065,81.52525505347695,69.89283965007235,0.6476126847346466,654.5910524311277,10.225421467280352,0.64403005506801,0.06567708894852953,1.9741567831084488
1.7837058078668786,0.0378738008607634,0.7142891968278929,446.87222906927065,81.52525504347696,69.89283966007234,0.6476126845482861,654.5910524325443,10.225421477696093,0.6440300550214149,0.06567708893633972,1.9741567828041018
1.7837023489045747,0.03787309774109287,0.7143062464168733,446.8722240992083,81.52525113569568,69.89283658828242,0.6476117820136316,654.5910756495049,10.225298364905244,0.6440208116519228,0.06567632524713377,1.974015534864553
1.7837023589045746,0.03787309774109287,0.7143062464168733,446.8722240992083,81.52525113569568,69.89283658828242,0.6476117715344117,654.5910765721537,10.225299214188972,0.6440208447420342,0.06567632529390914,1.9740155282350667
1.7837023489045747,0.03787310774109287,0.7143062464168733,446.8722240992083,81.52525113569568,69.89283658828242,0.6476117732038984,654.5910754806347,10.225300298793005,0.6440207096303938,0.06567632468817022,1.9740151615750585
1.7837023489045747,0.03787309774109287,0.7143062564168734,446.8722240992083,81.52525113569568,69.89283658828242,0.6476117777018879,654.5910758438358,10.225298552601684,0.6440208091821487,0.0656763247827561,1.9740154331851196
1.7837023489045747,0.03787309774109287,0.7143062464168733,446.87222410920833,81.52525113569568,69.89283658828242,0.6476117839828189,654.5910756673044,10.225298376257605,0.6440208112919196,0.06567632522606778,1.9740155363203649
1.7837023489045747,0.03787309774109287,0.7143062464168733,446.8722240992083,81.52525114569568,69.89283658828242,0.6476117826750701,654.591075653408,10.225298369648128,0.6440208116548063,0.06567632521718159,1.9740155364313718
1.7837023489045747,0.03787309774109287,0.7143062464168733,446.8722240992083,81.52525113569568,69.89283659828241,0.6476117819419821,654.5910756520136,10.225298370645017,0.6440208117534569,0.0656763252288241,1.9740155347224513
1.7837010925916947,0.03787284236441615,0.714312438915186,446.87222229405614,81.52524971636944,69.89283547622458,0.6476114788845113,654.5910840963774,10.225253693383827,0.644017452908155,0.0656760478176855,1.9739642350730278
1.7837011025916947,0.03787284236441615,0.714312438915186,446.87222229405614,81.52524971636944,69.89283547622458,0.6476114678089054,654.5910850126697,10.225254493664634,0.6440174863157155,0.06567604796124137,1.9739642247923896
1.7837010925916947,0.03787285236441615,0.714312438915186,446.87222229405614,81.52524971636944,69.89283547622458,0.6476114708699587,654.5910839269606,10.225255596898299,0.6440173506118808,0.06567604731314527,1.9739638611289188
1.7837010925916947,0.03787284236441615,0.7143124489151861,446.87222229405614,81.52524971636944,69.89283547622458,0.6476114762125498,654.5910842929748,10.225253859115494,0.6440174498778001,0.06567604739085815,1.9739641339168268
1.7837010925916947,0.03787284236441615,0.714312438915186,446.87222230405615,81.52524971636944,69.89283547622458,0.6476114805682365,654.5910841104724,10.225253668829364,0.6440174529355881,0.06567604785602471,1.9739642346256163
1.7837010925916947,0.03787284236441615,0.714312438915186,446.87222229405614,81.52524972636944,69.89283547622458,0.6476114803819335,654.5910840996695,10.22525366760117,0.6440174527337698,0.06567604784054432,1.9739642359452616
1.7837010925916947,0.03787284236441615,0.714312438915186,446.87222229405614,81.52524971636944,69.89283548622457,0.6476114793776955,654.5910840979427,10.225253674936587,0.6440174527494266,0.06567604785094423,1.9739642336924823
1.7837005296970367,0.03787272794214968,0.7143152134821555,446.87222148525245,81.52524908043618,69.89283497796382,0.6476113471586489,654.591087877069,10.225233621772857,0.6440159480964811,0.06567592362292936,1.973941246743626
1.7837005396970367,0.03787272794214968,0.7143152134821555,446.87222148525245,81.52524908043618,69.89283497796382,0.647611336054525,654.5910887997936,10.225234478166229,0.6440159816368692,0.06567592364364438,1.973941240685836
1.7837005296970367,0.03787273794214968,0.7143152134821555,446.87222148525245,81.52524908043618,69.89283497796382,0.6476113374960634,654.5910877069704,10.22523556571796,0.6440158461889118,0.06567592305030244,1.973940873176726
1.7837005296970367,0.03787272794214968,0.7143152234821556,446.87222148525245,81.52524908043618,69.89283497796382,0.6476113448457268,654.5910880791948,10.22523382968799,0.6440159449519965,0.06567592310673846,1.9739411489517107
1.7837005296970367,0.03787272794214968,0.7143152134821555,446.87222149525246,81.52524908043618,69.89283497796382,0.6476113485002227,654.5910878952157,10.22523365732781,0.6440159478160387,0.06567592356189748,1.973941248670257
1.7837005296970367,0.03787272794214968,0.7143152134821555,446.87222148525245,81.52524909043618,69.89283497796382,0.647611345479854,654.5910878755898,10.225233633694945,0.6440159490085572,0.06567592358351908,1.9739412462159145
1.7837005296970367,0.03787272794214968,0.7143152134821555,446.87222148525245,81.52524908043618,69.89283498796381,0.6476113467906396,654.5910878798126,10.225233633815105,0.6440159484179566,0.06567592358648482,1.9739412470362236
1.7837003697662204,0.03787269543225419,0.7143160017979704,446.87222125545344,81.52524889975348,69.89283483639691,0.6476113109917359,654.5910889562035,10.225227961228974,0.6440155198015233,0.0656758882693842,1.973934717830123
1.7837003797662203,0.03787269543225419,0.7143160017979704,446.87222125545344,81.52524889975348,69.89283483639691,0.64761130012518,654.5910898797738,10.225228808969813,0.6440155535481961,0.06567588829159382,1.973934712343409
1.7837003697662204,0.03787270543225419,0.7143160017979704,446.87222125545344,81.52524889975348,69.89283483639691,0.6476113019467301,654.5910887863461,10.225229876813732,0.6440154179963152,0.06567588773620865,1.9739343439921566
1.7837003697662204,0.03787269543225419,0.7143160117979704,446.87222125545344,81.52524889975348,69.89283483639691,0.6476113092153961,654.5910891585078,10.225228143635894,0.6440155168080518,0.06567588778605862,1.973934619911959
1.7837003697662204,0.03787269543225419,0.7143160017979704,446.87222126545345,81.52524889975348,69.89283483639691,0.647611310863043,654.5910889670494,10.225227941158865,0.6440155207484451,0.0656758882919685,1.9739347162574221
1.7837003697662204,0.03787269543225419,0.7143160017979704,446.87222125545344,81.52524890975347,69.89283483639691,0.6476113122159421,654.5910889628187,10.225227970881457,0.6440155197130145,0.06567588822174888,1.973934720674171
1.7837003697662204,0.03787269543225419,0.7143160017979704,446.87222125545344,81.52524889975348,69.89283484639691,0.6476113104065131,654.5910889564834,10.22522794573342,0.64401552035229,0.06567588828410707,1.9739347162815741
1.7837003416554595,0.03787268971804656,0.714316140358866,446.87222121506204,81.52524886799519,69.89283481151395,0.6476113040284038,654.5910891444928,10.225226969688885,0.6440154447061459,0.0656758820532634,1.9739335695908937
1.7837003516554595,0.03787268971804656,0.714316140358866,446.87222121506204,81.52524886799519,69.89283481151395,0.647611293701543,654.5910900669481,10.225227784703785,0.644015478528623,0.06567588212617957,1.9739335633395758
1.7837003416554595,0.03787269971804656,0.714316140358866,446.87222121506204,81.52524886799519,69.89283481151395,0.6476112946431576,654.5910889742255,10.225228882584442,0.6440153432973893,0.06567588151160829,1.973933196055387
1.7837003416554595,0.03787268971804656,0.7143161503588661,446.87222121506204,81.52524886799519,69.89283481151395,0.64761130077256,654.5910893422757,10.225227142964389,0.6440154423940717,0.06567588158634319,1.973933469742651
1.7837003416554595,0.03787268971804656,0.714316140358866,446.87222122506205,81.52524886799519,69.89283481151395,0.6476113065725272,654.5910891641906,10.225226966801154,0.6440154445722356,0.06567588203680631,1.973933571986303
1.7837003416554595,0.03787268971804656,0.714316140358866,446.87222121506204,81.52524887799518,69.89283481151395,0.6476113043187931,654.5910891452376,10.225226943742657,0.6440154451719609,0.06567588207017114,1.9739335696218965
1.7837003416554595,0.03787268971804656,0.714316140358866,446.87222121506204,81.52524886799519,69.89283482151394,0.6476113043891889,654.5910891476025,10.225226954514248,0.644015445051315,0.06567588205546042,1.9739335696785447
1.7837003384582912,0.03787268906814296,0.7143161561180459,446.8722212104681,81.52524886438317,69.8928348086839,0.6476113054285801,654.5910891725177,10.22522686375634,0.6440154353217341,0.06567588132662507,1.9739334418902232
1.7837003484582912,0.03787268906814296,0.7143161561180459,446.8722212104681,81.52524886438317,69.8928348086839,0.6476112924979024,654.5910900872943,10.225227669883944,0.6440154701635564,0.06567588142402718,1.9739334321469917
1.7837003384582912,0.03787269906814296,0.7143161561180459,446.8722212104681,81.52524886438317,69.8928348086839,0.6476112939817087,654.5910889950984,10.225228773433011,0.6440153343136532,0.0656758808181736,1.9739330646273403
1.7837003384582912,0.03787268906814296,0.7143161661180459,446.8722212104681,81.52524886438317,69.8928348086839,0.647611301028105,654.591089365811,10.225227019840611,0.6440154335253145,0.06567588089467341,1.9739333397813523
1.7837003384582912,0.03787268906814296,0.7143161561180459,446.87222122046813,81.52524886438317,69.8928348086839,0.647611304892114,654.5910891826414,10.22522683750315,0.6440154367049892,0.06567588134822766,1.9739334402802502
1.7837003384582912,0.03787268906814296,0.7143161561180459,446.8722212104681,81.52524887438317,69.8928348086839,0.6476113025587185,654.5910891646049,10.22522683891187,0.6440154368432529,0.0656758813586311,1.973933437936898
1.7837003384582912,0.03787268906814296,0.7143161561180459,446.8722212104681,81.52524886438317,69.8928348186839,0.6476113036881948,654.5910891699582,10.225226847051683,0.6440154364837243,0.06567588133727871,1.9739334395453259
1.7837003363955746,0.03787268864884476,0.7143161662853933,446.8722212075043,81.5252488620528,69.89283480685803,0.6476113040604674,654.5910891845175,10.225226775183431,0.6440154307198337,0.06567588087456548,1.9739333573261055
1.7837003463955745,0.03787268864884476,0.7143161662853933,446.8722212075043,81.5252488620528,69.89283480685803,0.6476112909222083,654.5910900960624,10.225227595078552,0.6440154645959232,0.06567588099891296,1.9739333452405192
1.7837003363955746,0.03787269864884476,0.7143161662853933,446.8722212075043,81.5252488620528,69.89283480685803,0.6476112913169381,654.5910890031574,10.225228696767333,0.6440153298057687,0.0656758803655312,1.9739329782996715
1.7837003363955746,0.03787268864884476,0.7143161762853933,446.8722212075043,81.5252488620528,69.89283480685803,0.6476112993007904,654.591089374455,10.225226932947535,0.6440154283860945,0.06567588047557751,1.9739332529289737
1.7837003363955746,0.03787268864884476,0.7143161662853933,446.8722212175043,81.5252488620528,69.89283480685803,0.6476113059078468,654.591089200615,10.225226784200926,0.644015430053677,0.06567588087783094,1.9739333573793423
1.7837003363955746,0.03787268864884476,0.7143161662853933,446.8722212075043,81.5252488720528,69.89283480685803,0.6476113046863732,654.5910891867611,10.225226770512792,0.6440154305531096,0.06567588087426379,1.9739333576261193
1.7837003363955746,0.03787268864884476,0.7143161662853933,446.8722212075043,81.5252488620528,69.89283481685803,0.6476113044657876,654.5910891885595,10.225226793717342,0.6440154302680515,0.0656758808492261,1.9739333574116367
1.7837003362040704,0.03787268860991684,0.7143161672293364,446.87222120722913,81.52524886183646,69.89283480668851,0.6476113032729923,654.5910891832671,10.225226766496114,0.6440154303731159,0.06567588084469798,1.9739333481638375
1.7837003462040704,0.03787268860991684,0.7143161672293364,446.87222120722913,81.52524886183646,69.89283480668851,0.6476112923895105,654.5910901040593,10.22522760503789,0.6440154637023825,0.06567588090798009,1.97393334080981
1.7837003362040704,0.03787269860991684,0.7143161672293364,446.87222120722913,81.52524886183646,69.89283480668851,0.6476112945788624,654.5910890139627,10.225228689897193,0.6440153281391816,0.06567588030965824,1.9739329744234102
1.7837003362040704,0.03787268860991684,0.7143161772293365,446.87222120722913,81.52524886183646,69.89283480668851,0.6476112997627006,654.5910893797145,10.225226954425798,0.6440154275475433,0.0656758803810399,1.9739332471940885
1.7837003362040704,0.03787268860991684,0.7143161672293364,446.87222121722914,81.52524886183646,69.89283480668851,0.6476113044664383,654.5910891961418,10.225226747300146,0.6440154304579884,0.06567588088035953,1.9739333471392273
1.7837003362040704,0.03787268860991684,0.7143161672293364,446.87222120722913,81.52524887183645,69.89283480668851,0.6476113033077955,654.5910891836879,10.225226750977248,0.6440154307437379,0.06567588085096852,1.9739333480579488
1.7837003362040704,0.03787268860991684,0.7143161672293364,446.87222120722913,81.52524886183646,69.8928348166885,0.6476113027760326,654.5910891848241,10.225226762882322,0.6440154309341157,0.06567588083119948,1.973933347772246
1.7837003362010002,0.03787268860929274,0.7143161672444699,446.8722212072247,81.52524886183299,69.8928348066858,0.6476113034692668,654.5910891838629,10.225226767211296,0.6440154302988497,0.06567588084113975,1.9739333483640515
1.7837003462010002,0.03787268860929274,0.7143161672444699,446.8722212072247,81.52524886183299,69.8928348066858,0.6476112923193512,654.5910901028284,10.225227584525715,0.6440154639626435,0.06567588093742255,1.9739333398694532
1.7837003362010002,0.037872698609292745,0.7143161672444699,446.8722212072247,81.52524886183299,69.8928348066858,0.6476112935162558,654.5910890101883,10.225228692676374,0.6440153282039537,0.06567588032359067,1.9739329723186154
1.7837003362010002,0.03787268860929274,0.7143161772444699,446.8722212072247,81.52524886183299,69.8928348066858,0.6476113013872141,654.5910893841971,10.225226948375834,0.6440154271517913,0.06567588037546093,1.9739332492121968
1.7837003362010002,0.03787268860929274,0.7143161672444699,446.8722212172247,81.52524886183299,69.8928348066858,0.6476113051636031,654.5910891997239,10.225226777534159,0.6440154297249749,0.06567588084008841,1.9739333484629105
1.7837003362010002,0.03787268860929274,0.7143161672444699,446.8722212072247,81.52524887183299,69.8928348066858,0.6476113048672023,654.5910891888561,10.225226769072263,0.644015429787284,0.06567588082845552,1.9739333497788916
1.7837003362010002,0.03787268860929274,0.7143161672444699,446.8722212072247,81.52524886183299,69.89283481668579,0.6476113037614724,654.5910891884198,10.225226769352615,0.6440154306134667,0.06567588081095956,1.9739333493967086
1.7837003362040658,0.037872688609915876,0.7143161672293599,446.87222120722913,81.52524886183645,69.89283480668851,0.6476113020338444,654.5910891782413,10.225226747654718,0.6440154309648308,0.06567588088018933,1.9739333458757062
1.7837003462040657,0.037872688609915876,0.7143161672293599,446.87222120722913,81.52524886183645,69.89283480668851,0.6476112920148771,654.5910901037696,10.225227605718086,0.6440154639227489,0.06567588090455738,1.973933340568892
1.7837003362040658,0.03787269860991588,0.7143161672293599,446.87222120722913,81.52524886183645,69.89283480668851,0.6476112939796277,654.5910890113453,10.225228672009935,0.6440153286611975,0.06567588033201466,1.9739329734564048
1.7837003362040658,0.037872688609915876,0.7143161772293599,446.87222120722913,81.52524886183645,69.89283480668851,0.6476112992456734,654.591089377773,10.225226947884396,0.6440154278433761,0.06567588038996434,1.9739332465238508
1.7837003362040658,0.037872688609915876,0.7143161672293599,446.87222121722914,81.52524886183645,69.89283480668851,0.6476113047038825,654.59108919826,10.225226773740264,0.6440154300059893,0.06567588084424202,1.9739333481386152
1.7837003362040658,0.037872688609915876,0.7143161672293599,446.87222120722913,81.52524887183644,69.89283480668851,0.6476113022530239,654.5910891815969,10.225226771215256,0.6440154306705653,0.06567588083841722,1.9739333467457343
1.7837003362040658,0.037872688609915876,0.7143161672293599,446.87222120722913,81.52524886183645,69.8928348166885,0.6476113036556934,654.591089186173,10.225226767654505,0.644015430183736,0.06567588084117747,1.9739333478363337
1.7837003362040649,0.03787268860991571,0.714316167229364,446.87222120722913,81.52524886183645,69.89283480668851,0.6476113017350733,654.5910891778465,10.225226775192738,0.6440154303599317,0.06567588086285694,1.9739333452410281
1.7837003462040648,0.03787268860991571,0.714316167229364,446.87222120722913,81.52524886183645,69.89283480668851,0.6476112915655752,654.5910901008998,10.22522759375114,0.6440154641188007,0.06567588092770082,1.9739333394526148
1.7837003362040649,0.03787269860991571,0.714316167229364,446.87222120722913,81.52524886183645,69.89283480668851,0.6476112930064448,654.5910890075074,10.225228676957926,0.6440153285568367,0.06567588034974388,1.9739329712787095
1.7837003362040649,0.03787268860991571,0.714316177229364,446.87222120722913,81.52524886183645,69.89283480668851,0.6476112996024612,654.5910893779509,10.225226929292093,0.6440154280376181,0.06567588040983918,1.9739332466415225
1.7837003362040649,0.03787268860991571,0.714316167229364,446.87222121722914,81.52524886183645,69.89283480668851,0.6476113034287262,654.5910891966745,10.225226796598431,0.6440154302865014,0.06567588081195608,1.973933347619591
1.7837003362040649,0.03787268860991571,0.714316167229364,446.87222120722913,81.52524887183644,69.89283480668851,0.6476113024923899,654.5910891820338,10.225226758333644,0.644015430972909,0.06567588084246614,1.9739333473904073
1.7837003362040649,0.03787268860991571,0.714316167229364,446.87222120722913,81.52524886183645,69.8928348166885,0.6476113027561546,654.5910891845368,10.225226786932456,0.6440154301352861,0.06567588082518155,1.9739333469317364
